166690
173475
156464
157974
162470
162854
162532
163232
160286
157375
162878
163245
153705
176824
167348
175362
167802
154110
166110
160650
157449
159272
157153
156718
179702
159103
157800
166686
162433
180256
167821
161668
154333
169276
156070
157765
158850
158972
159886
157703
161052
161533
151871
157983
158856
160771
162241
171616
159507
161116
156089
188607
161161
172338
175821
157388
168011
170598
156723
167989
175901
151964
172380
168308
156418
164382
168722
160372
166077
174157
172912
168575
171135
163640
162049
158407
161889
156405
157977
173164
150778
163527
174651
153921
156424
166060
164982
153977
156328
171960
159524
159179
167168
161054
165540
163550
165643
152569
155146
153886

