23513
25382
24129
24031
23714
23862
23687
23595
24164
24976
25737
24789
25639
25399
25331
25144
25723
25520
25216
25602
25138
25809
25095
25449
24849
24848
25267
25232
25069
25321
25440
24794
25516
25255
24917
25624
25067
25560
25513
25367
24933
25626
25380
25097
25774
25244
25312
24791
25471
25548
24913
25351
24796
23902
23951
24308
23776
23666
23938
23745
24100
23746
23714
23747
24071
23984
23404
23477
23814
24076
23746
23955
23316
23173
23485
23562
23795
23483
23784
23776
23610
23609
23660
23502
23875
23991
23634
23604
23721
25279
25225
25426
25246
25174
25583
24804
25280
24894
25721
25631
