109511
134617
131469
119382
141327
130626
135953
133744
125664
135621
124793
113044
136865
121467
129465
125021
142131
133678
113502
115115
149919
129213
141119
128164
136569
111769
125092
123720
121698
123031
122723
168971
122504
133062
125250
123222
120779
126749
121292
170897
113273
121275
114805
123222
133737
129790
111345
150929
126129
124922
117415
132965
133374
145598
147702
130679
136932
129915
119785
121301
134826
137719
176615
123640
131908
173826
121735
109924
123141
118151
113581
117315
133830
118649
134670
113828
127070
113914
115963
128950
129280
140143
114337
130194
177850
103440
113843
126504
123994
135972
128230
137716
121331
114028
144049
123166
118701
126298
117870
145003
