89404
99569
107627
102474
142019
86431
84783
119873
84051
95687
90185
93256
78535
72006
90866
80497
79003
70298
110596
67810
78261
78662
79455
82161
90080
84507
72283
67661
69967
81088
67056
81271
69058
105975
83950
104911
106843
108708
70120
76140
90767
97965
70855
94403
93858
109398
73397
77320
82564
81425
75896
94009
77916
91256
72731
90522
74808
100217
79496
72939
93810
65527
80174
79384
67110
83004
66884
85602
76006
73966
66021
91702
69243
103515
69700
112116
73709
95778
75798
102731
67884
75526
98127
75422
71916
71858
67695
79937
88837
73847
105241
70787
72719
77205
65364
109311
98220
79362
64631
69742
