31639
32567
33018
31285
32428
35340
33589
33975
34999
39010
32106
31540
35324
34061
31574
33000
33296
31650
31860
33291
31515
31993
32935
31781
32066
32202
32315
34735
32870
32126
32221
31489
31638
33944
34470
34204
34914
34634
36447
34687
33666
37126
34915
35215
34621
34080
34914
34394
33968
35575
34939
36099
34545
34170
36844
34431
34286
36491
34573
33930
34342
35013
35334
34657
34240
35254
34431
34824
34127
33547
35707
35140
33513
35126
33902
35956
34320
33302
35149
34232
33868
34799
34236
35095
34512
33243
36163
33882
34775
34278
34388
34922
34503
33845
36485
34105
33418
34775
33632
34003
