195902
165149
184569
184541
182219
159444
169826
275817
236983
217692
161565
159370
157506
168963
160717
160641
201397
167992
175378
184230
180388
162621
186427
160797
236140
161877
243629
295701
229517
165621
229498
184026
168115
160557
162631
163848
167275
155157
148465
165603
155446
157011
157081
188273
220016
234961
216656
168195
170711
152074
162362
198209
177840
234060
156757
219470
226819
210000
214021
195750
321398
192844
174851
164041
292137
259285
170858
173881
184284
206054
210097
205186
171144
206324
187423
154223
181559
175911
170754
235567
292137
203318
192769
153023
161394
158084
157514
165092
171957
212881
168657
161098
160948
217217
225597
205657
252840
158795
192769
217217
